h_1 -300 -339 0 0 1 1
h_2 -320 -589 843 829
bg Backgrounds/sky.png
b -160 -512 [0,32,32,32] 0 ledge
b -128 -512 [0,32,32,32] 0 ledge
b -96 -512 [0,32,32,32] 0 ledge
b 32 -416 [128,64,32,32] 0 solid
b 192 -416 [96,128,32,32,128,128,32,32] 0 kill
b -288 -384 [96,32,32,32] 0 solid
b 0 -384 [160,0,32,32] 0 solid
b 32 -384 [192,0,32,32] 0 ledge
b 64 -384 [192,0,32,32] 0 ledge
b 96 -384 [192,0,32,32] 0 ledge
b 128 -384 [192,0,32,32] 0 ledge
b 160 -384 [192,0,32,32] 0 ledge
b 192 -384 [224,0,32,32] 0 solid
b -288 -352 [96,64,32,32] 0 solid
b 0 -352 [160,64,32,32] 0 solid
b 32 -352 [192,64,32,32] 0 solid
b 64 -352 [192,64,32,32] 0 solid
b 96 -352 [192,64,32,32] 0 solid
b 128 -352 [192,64,32,32] 0 solid
b 160 -352 [192,64,32,32] 0 solid
b 192 -352 [224,64,32,32] 0 solid
b -288 -320 [96,96,32,32] 0 solid
b -288 -288 [0,128,32,32] 0 solid
b -256 -288 [32,128,32,32] 0 solid
b -224 -288 [32,128,32,32] 0 solid
b -192 -288 [32,128,32,32] 0 solid
b -160 -288 [64,128,32,32] 0 solid
b -64 -192 [64,32,32,32] 0 solid
b -32 -192 [0,32,32,32] 0 ledge
b 0 -192 [0,32,32,32] 0 ledge
b 32 -192 [0,32,32,32] 0 ledge
b -64 -160 [64,64,32,32] 0 solid
b -64 -128 [64,64,32,32] 0 solid
b -64 -96 [64,64,32,32] 0 solid
b 96 -96 [96,32,32,32] 0 solid
b 256 -96 [256,0,32,32] 0 solid
b 288 -96 [288,0,32,32] 0 solid
b -160 -64 [128,32,32,32] 0 solid
b -96 -64 [96,128,32,32,128,128,32,32] 0 kill
b -64 -64 [64,64,32,32] 0 solid
b 96 -64 [96,64,32,32] 0 solid
b 128 -64 [96,32,32,32] 0 solid
b 224 -64 [64,32,32,32] 0 solid
b 256 -64 [256,32,32,32] 0 solid
b 288 -64 [288,32,32,32] 0 solid
b -320 -32 [0,0,32,32] 0 ledge
b -288 -32 [0,0,32,32] 0 ledge
b -256 -32 [0,0,32,32] 0 ledge
b -224 -32 [0,0,32,32] 0 ledge
b -192 -32 [0,0,32,32] 0 ledge
b -160 -32 [0,0,32,32] 0 ledge
b -128 -32 [0,0,32,32] 0 ledge
b -96 -32 [224,0,32,32] 0 solid
b -64 -32 [64,64,32,32] 0 solid
b -32 -32 [96,128,32,32,128,128,32,32] 0 kill
b 0 -32 [96,128,32,32,128,128,32,32] 0 kill
b 32 -32 [160,0,32,32] 0 solid
b 64 -32 [0,0,32,32] 0 ledge
b 96 -32 [0,0,32,32] 0 ledge
b 128 -32 [0,0,32,32] 0 ledge
b 160 -32 [0,0,32,32] 0 ledge
b 192 -32 [0,0,32,32] 0 ledge
b 224 -32 [0,0,32,32] 0 ledge
b 256 -32 [0,0,32,32] 0 ledge
b 288 -32 [0,0,32,32] 0 ledge
b 320 -32 [0,0,32,32] 0 ledge
b 352 -32 [0,0,32,32] 0 ledge
b 384 -32 [0,0,32,32] 0 ledge
b 416 -32 [0,0,32,32] 0 ledge
b 448 -32 [224,0,32,32] 0 solid
b -320 0 [192,32,32,32] 0 blank
b -288 0 [192,32,32,32] 0 blank
b -256 0 [192,32,32,32] 0 blank
b -224 0 [192,32,32,32] 0 blank
b -192 0 [192,32,32,32] 0 blank
b -160 0 [192,32,32,32] 0 blank
b -128 0 [192,32,32,32] 0 blank
b -96 0 [0,96,32,32] 0 blank
b -64 0 [0,0,32,32] 0 ledge
b -32 0 [0,0,32,32] 0 ledge
b 0 0 [0,0,32,32] 0 ledge
b 32 0 [32,96,32,32] 0 blank
b 64 0 [192,32,32,32] 0 blank
b 96 0 [192,32,32,32] 0 blank
b 128 0 [192,32,32,32] 0 blank
b 160 0 [192,32,32,32] 0 blank
b 192 0 [192,32,32,32] 0 blank
b 224 0 [192,32,32,32] 0 blank
b 256 0 [192,32,32,32] 0 blank
b 288 0 [192,32,32,32] 0 blank
b 320 0 [192,32,32,32] 0 blank
b 352 0 [192,32,32,32] 0 blank
b 384 0 [192,32,32,32] 0 blank
b 416 0 [192,32,32,32] 0 blank
b 448 0 [224,32,32,32] 0 solid
b -320 32 [192,32,32,32] 0 blank
b -288 32 [192,32,32,32] 0 blank
b -256 32 [192,32,32,32] 0 blank
b -224 32 [192,32,32,32] 0 blank
b -192 32 [192,32,32,32] 0 blank
b -160 32 [192,32,32,32] 0 blank
b -128 32 [192,32,32,32] 0 blank
b -96 32 [192,32,32,32] 0 blank
b -64 32 [192,32,32,32] 0 blank
b -32 32 [192,32,32,32] 0 blank
b 0 32 [192,32,32,32] 0 blank
b 32 32 [192,32,32,32] 0 blank
b 64 32 [192,32,32,32] 0 blank
b 96 32 [192,32,32,32] 0 blank
b 128 32 [192,32,32,32] 0 blank
b 160 32 [192,32,32,32] 0 blank
b 192 32 [192,32,32,32] 0 blank
b 224 32 [192,32,32,32] 0 blank
b 256 32 [192,32,32,32] 0 blank
b 288 32 [192,32,32,32] 0 blank
b 320 32 [192,32,32,32] 0 blank
b 352 32 [192,32,32,32] 0 blank
b 384 32 [192,32,32,32] 0 blank
b 416 32 [192,32,32,32] 0 blank
b 448 32 [224,32,32,32] 0 solid
b -320 64 [192,32,32,32] 0 blank
b -288 64 [192,32,32,32] 0 blank
b -256 64 [192,32,32,32] 0 blank
b -224 64 [192,32,32,32] 0 blank
b -192 64 [192,32,32,32] 0 blank
b -160 64 [192,32,32,32] 0 blank
b -128 64 [192,32,32,32] 0 blank
b -96 64 [192,32,32,32] 0 blank
b -64 64 [192,32,32,32] 0 blank
b -32 64 [192,32,32,32] 0 blank
b 0 64 [192,32,32,32] 0 blank
b 32 64 [192,32,32,32] 0 blank
b 64 64 [192,32,32,32] 0 blank
b 96 64 [192,32,32,32] 0 blank
b 128 64 [192,32,32,32] 0 blank
b 160 64 [192,32,32,32] 0 blank
b 192 64 [192,32,32,32] 0 blank
b 224 64 [192,32,32,32] 0 blank
b 256 64 [192,32,32,32] 0 blank
b 288 64 [192,32,32,32] 0 blank
b 320 64 [192,32,32,32] 0 blank
b 352 64 [192,32,32,32] 0 blank
b 384 64 [192,32,32,32] 0 blank
b 416 64 [192,32,32,32] 0 blank
b 448 64 [224,32,32,32] 0 solid
b -320 96 [192,32,32,32] 0 blank
b -288 96 [192,32,32,32] 0 blank
b -256 96 [192,32,32,32] 0 blank
b -224 96 [192,32,32,32] 0 blank
b -192 96 [192,32,32,32] 0 blank
b -160 96 [192,32,32,32] 0 blank
b -128 96 [192,32,32,32] 0 blank
b -96 96 [192,32,32,32] 0 blank
b -64 96 [192,32,32,32] 0 blank
b -32 96 [192,32,32,32] 0 blank
b 0 96 [192,32,32,32] 0 blank
b 32 96 [192,32,32,32] 0 blank
b 64 96 [192,32,32,32] 0 blank
b 96 96 [192,32,32,32] 0 blank
b 128 96 [192,32,32,32] 0 blank
b 160 96 [192,32,32,32] 0 blank
b 192 96 [192,32,32,32] 0 blank
b 224 96 [192,32,32,32] 0 blank
b 256 96 [192,32,32,32] 0 blank
b 288 96 [192,32,32,32] 0 blank
b 320 96 [192,32,32,32] 0 blank
b 352 96 [192,32,32,32] 0 blank
b 384 96 [192,32,32,32] 0 blank
b 416 96 [192,32,32,32] 0 blank
b 448 96 [224,32,32,32] 0 solid
b -320 128 [192,32,32,32] 0 blank
b -288 128 [192,32,32,32] 0 blank
b -256 128 [192,32,32,32] 0 blank
b -224 128 [192,32,32,32] 0 blank
b -192 128 [192,32,32,32] 0 blank
b -160 128 [192,32,32,32] 0 blank
b -128 128 [192,32,32,32] 0 blank
b -96 128 [192,32,32,32] 0 blank
b -64 128 [192,32,32,32] 0 blank
b -32 128 [192,32,32,32] 0 blank
b 0 128 [192,32,32,32] 0 blank
b 32 128 [192,32,32,32] 0 blank
b 64 128 [192,32,32,32] 0 blank
b 96 128 [192,32,32,32] 0 blank
b 128 128 [192,32,32,32] 0 blank
b 160 128 [192,32,32,32] 0 blank
b 192 128 [192,32,32,32] 0 blank
b 224 128 [192,32,32,32] 0 blank
b 256 128 [192,32,32,32] 0 blank
b 288 128 [192,32,32,32] 0 blank
b 320 128 [192,32,32,32] 0 blank
b 352 128 [192,32,32,32] 0 blank
b 384 128 [192,32,32,32] 0 blank
b 416 128 [192,32,32,32] 0 blank
b 448 128 [224,32,32,32] 0 solid
b -320 160 [192,32,32,32] 0 blank
b -288 160 [192,32,32,32] 0 blank
b -256 160 [192,32,32,32] 0 blank
b -224 160 [192,32,32,32] 0 blank
b -192 160 [192,32,32,32] 0 blank
b -160 160 [192,32,32,32] 0 blank
b -128 160 [192,32,32,32] 0 blank
b -96 160 [192,32,32,32] 0 blank
b -64 160 [192,32,32,32] 0 blank
b -32 160 [192,32,32,32] 0 blank
b 0 160 [192,32,32,32] 0 blank
b 32 160 [192,32,32,32] 0 blank
b 64 160 [192,32,32,32] 0 blank
b 96 160 [192,32,32,32] 0 blank
b 128 160 [192,32,32,32] 0 blank
b 160 160 [192,32,32,32] 0 blank
b 192 160 [192,32,32,32] 0 blank
b 224 160 [192,32,32,32] 0 blank
b 256 160 [192,32,32,32] 0 blank
b 288 160 [192,32,32,32] 0 blank
b 320 160 [192,32,32,32] 0 blank
b 352 160 [192,32,32,32] 0 blank
b 384 160 [192,32,32,32] 0 blank
b 416 160 [192,32,32,32] 0 blank
b 448 160 [224,32,32,32] 0 solid
b -320 192 [192,32,32,32] 0 blank
b -288 192 [192,32,32,32] 0 blank
b -256 192 [192,32,32,32] 0 blank
b -224 192 [192,32,32,32] 0 blank
b -192 192 [192,32,32,32] 0 blank
b -160 192 [192,32,32,32] 0 blank
b -128 192 [192,32,32,32] 0 blank
b -96 192 [192,32,32,32] 0 blank
b -64 192 [192,32,32,32] 0 blank
b -32 192 [192,32,32,32] 0 blank
b 0 192 [192,32,32,32] 0 blank
b 32 192 [192,32,32,32] 0 blank
b 64 192 [192,32,32,32] 0 blank
b 96 192 [192,32,32,32] 0 blank
b 128 192 [192,32,32,32] 0 blank
b 160 192 [192,32,32,32] 0 blank
b 192 192 [192,32,32,32] 0 blank
b 224 192 [192,32,32,32] 0 blank
b 256 192 [192,32,32,32] 0 blank
b 288 192 [192,32,32,32] 0 blank
b 320 192 [192,32,32,32] 0 blank
b 352 192 [192,32,32,32] 0 blank
b 384 192 [192,32,32,32] 0 blank
b 416 192 [192,32,32,32] 0 blank
b 448 192 [224,32,32,32] 0 solid
b -320 224 [192,32,32,32] 0 blank
b -288 224 [192,32,32,32] 0 blank
b -256 224 [192,32,32,32] 0 blank
b -224 224 [192,32,32,32] 0 blank
b -192 224 [192,32,32,32] 0 blank
b -160 224 [192,32,32,32] 0 blank
b -128 224 [192,32,32,32] 0 blank
b -96 224 [192,32,32,32] 0 blank
b -64 224 [192,32,32,32] 0 blank
b -32 224 [192,32,32,32] 0 blank
b 0 224 [192,32,32,32] 0 blank
b 32 224 [192,32,32,32] 0 blank
b 64 224 [192,32,32,32] 0 blank
b 96 224 [192,32,32,32] 0 blank
b 128 224 [192,32,32,32] 0 blank
b 160 224 [192,32,32,32] 0 blank
b 192 224 [192,32,32,32] 0 blank
b 224 224 [192,32,32,32] 0 blank
b 256 224 [192,32,32,32] 0 blank
b 288 224 [192,32,32,32] 0 blank
b 320 224 [192,32,32,32] 0 blank
b 352 224 [192,32,32,32] 0 blank
b 384 224 [192,32,32,32] 0 blank
b 416 224 [192,32,32,32] 0 blank
b 448 224 [224,32,32,32] 0 solid
s 96 -96 bulletBillSpawner {x:96,y:-96,interval:240}
s 128 -64 bulletBillSpawner {x:128,y:-64,interval:240}
s -290 -73 spawnPoint {}
s -224 -320 redKoopa {x:-224,y:-320,speed:1,fallSpeed:0.4,fallCap:9,squashed:false,squashTimer:0,animSpeed:12}
s 32 -224 redKoopa {x:32,y:-224,speed:1,fallSpeed:0.4,fallCap:9,squashed:false,squashTimer:0,animSpeed:12}
s -288 -384 bulletBillSpawner {x:-288,y:-384,interval:240}
s 128 -416 greenKoopa {x:128,y:-416,speed:1,fallSpeed:0.4,fallCap:9,squashed:false,squashTimer:0,animSpeed:12}
s 352 -64 redKoopa {x:352,y:-64,speed:1,fallSpeed:0.4,fallCap:9,squashed:false,squashTimer:0,animSpeed:12}
