h_1 555.9765296992126 -383.1006802605228 0 0 0.750000000000006 0.750000000000006
h_2 -320 -687.4226804123701 1438.1030927835016 927.4226804123708
bg Backgrounds/sky.png
b -320 -704 [192,32,32,32] 0 blank
b -288 -704 [192,32,32,32] 0 blank
b -256 -704 [192,32,32,32] 0 blank
b -224 -704 [192,32,32,32] 0 blank
b -192 -704 [192,32,32,32] 0 blank
b -160 -704 [192,32,32,32] 0 blank
b -128 -704 [192,32,32,32] 0 blank
b -96 -704 [192,32,32,32] 0 blank
b -64 -704 [192,32,32,32] 0 blank
b -32 -704 [192,32,32,32] 0 blank
b 0 -704 [192,32,32,32] 0 blank
b 32 -704 [192,32,32,32] 0 blank
b 64 -704 [192,32,32,32] 0 blank
b 96 -704 [192,32,32,32] 0 blank
b 128 -704 [192,32,32,32] 0 blank
b 160 -704 [192,32,32,32] 0 blank
b 192 -704 [192,32,32,32] 0 blank
b 224 -704 [192,32,32,32] 0 blank
b 256 -704 [192,32,32,32] 0 blank
b 288 -704 [192,32,32,32] 0 blank
b 320 -704 [192,32,32,32] 0 blank
b 352 -704 [192,32,32,32] 0 blank
b 384 -704 [192,32,32,32] 0 blank
b 416 -704 [192,32,32,32] 0 blank
b 448 -704 [192,32,32,32] 0 blank
b 480 -704 [192,32,32,32] 0 blank
b 512 -704 [192,32,32,32] 0 blank
b 544 -704 [192,32,32,32] 0 blank
b 576 -704 [192,32,32,32] 0 blank
b 608 -704 [192,32,32,32] 0 blank
b 640 -704 [192,32,32,32] 0 blank
b 672 -704 [192,32,32,32] 0 blank
b 704 -704 [192,32,32,32] 0 blank
b 736 -704 [192,32,32,32] 0 blank
b 768 -704 [192,32,32,32] 0 blank
b 800 -704 [224,32,32,32] 0 solid
b 832 -704 [160,32,32,32] 0 solid
b 864 -704 [192,32,32,32] 0 blank
b 896 -704 [224,32,32,32] 0 solid
b 928 -704 [160,32,32,32] 0 solid
b 960 -704 [192,32,32,32] 0 blank
b 992 -704 [192,32,32,32] 0 blank
b 1024 -704 [192,32,32,32] 0 blank
b 1056 -704 [192,32,32,32] 0 blank
b 1088 -704 [192,32,32,32] 0 blank
b -320 -672 [192,32,32,32] 0 blank
b -288 -672 [192,32,32,32] 0 blank
b -256 -672 [192,32,32,32] 0 blank
b -224 -672 [192,32,32,32] 0 blank
b -192 -672 [192,32,32,32] 0 blank
b -160 -672 [192,32,32,32] 0 blank
b -128 -672 [192,32,32,32] 0 blank
b -96 -672 [192,32,32,32] 0 blank
b -64 -672 [192,32,32,32] 0 blank
b -32 -672 [192,32,32,32] 0 blank
b 0 -672 [192,32,32,32] 0 blank
b 32 -672 [192,32,32,32] 0 blank
b 64 -672 [192,32,32,32] 0 blank
b 96 -672 [192,32,32,32] 0 blank
b 128 -672 [192,32,32,32] 0 blank
b 160 -672 [192,32,32,32] 0 blank
b 192 -672 [192,32,32,32] 0 blank
b 224 -672 [192,32,32,32] 0 blank
b 256 -672 [192,32,32,32] 0 blank
b 288 -672 [192,32,32,32] 0 blank
b 320 -672 [192,32,32,32] 0 blank
b 352 -672 [192,32,32,32] 0 blank
b 384 -672 [192,32,32,32] 0 blank
b 416 -672 [192,32,32,32] 0 blank
b 448 -672 [192,32,32,32] 0 blank
b 480 -672 [192,32,32,32] 0 blank
b 512 -672 [192,32,32,32] 0 blank
b 544 -672 [192,32,32,32] 0 blank
b 576 -672 [192,32,32,32] 0 blank
b 608 -672 [192,32,32,32] 0 blank
b 640 -672 [192,32,32,32] 0 blank
b 672 -672 [192,32,32,32] 0 blank
b 704 -672 [192,32,32,32] 0 blank
b 736 -672 [192,32,32,32] 0 blank
b 768 -672 [192,32,32,32] 0 blank
b 800 -672 [224,32,32,32] 0 solid
b 832 -672 [160,32,32,32] 0 solid
b 864 -672 [192,32,32,32] 0 blank
b 896 -672 [224,32,32,32] 0 solid
b 928 -672 [160,32,32,32] 0 solid
b 960 -672 [192,32,32,32] 0 blank
b 992 -672 [192,32,32,32] 0 blank
b 1024 -672 [192,32,32,32] 0 blank
b 1056 -672 [192,32,32,32] 0 blank
b 1088 -672 [192,32,32,32] 0 blank
b -320 -640 [192,32,32,32] 0 blank
b -288 -640 [192,32,32,32] 0 blank
b -256 -640 [192,32,32,32] 0 blank
b -224 -640 [192,32,32,32] 0 blank
b -192 -640 [192,32,32,32] 0 blank
b -160 -640 [192,32,32,32] 0 blank
b -128 -640 [192,32,32,32] 0 blank
b -96 -640 [192,32,32,32] 0 blank
b -64 -640 [192,32,32,32] 0 blank
b -32 -640 [192,32,32,32] 0 blank
b 0 -640 [192,32,32,32] 0 blank
b 32 -640 [192,32,32,32] 0 blank
b 64 -640 [192,32,32,32] 0 blank
b 96 -640 [192,32,32,32] 0 blank
b 128 -640 [192,32,32,32] 0 blank
b 160 -640 [192,32,32,32] 0 blank
b 192 -640 [192,32,32,32] 0 blank
b 224 -640 [192,32,32,32] 0 blank
b 256 -640 [192,32,32,32] 0 blank
b 288 -640 [192,32,32,32] 0 blank
b 320 -640 [192,32,32,32] 0 blank
b 352 -640 [192,32,32,32] 0 blank
b 384 -640 [192,32,32,32] 0 blank
b 416 -640 [192,32,32,32] 0 blank
b 448 -640 [192,32,32,32] 0 blank
b 480 -640 [192,32,32,32] 0 blank
b 512 -640 [192,32,32,32] 0 blank
b 544 -640 [192,32,32,32] 0 blank
b 576 -640 [192,32,32,32] 0 blank
b 608 -640 [192,32,32,32] 0 blank
b 640 -640 [192,32,32,32] 0 blank
b 672 -640 [192,32,32,32] 0 blank
b 704 -640 [192,32,32,32] 0 blank
b 736 -640 [192,32,32,32] 0 blank
b 768 -640 [192,32,32,32] 0 blank
b 800 -640 [224,32,32,32] 0 solid
b 832 -640 [160,32,32,32] 0 solid
b 864 -640 [192,32,32,32] 0 blank
b 896 -640 [224,32,32,32] 0 solid
b 928 -640 [160,32,32,32] 0 solid
b 960 -640 [192,32,32,32] 0 blank
b 992 -640 [192,32,32,32] 0 blank
b 1024 -640 [192,32,32,32] 0 blank
b 1056 -640 [192,32,32,32] 0 blank
b 1088 -640 [192,32,32,32] 0 blank
b -320 -608 [192,64,32,32] 0 solid
b -288 -608 [192,64,32,32] 0 solid
b -256 -608 [192,64,32,32] 0 solid
b -224 -608 [192,64,32,32] 0 solid
b -192 -608 [192,64,32,32] 0 solid
b -160 -608 [192,64,32,32] 0 solid
b -128 -608 [192,64,32,32] 0 solid
b -96 -608 [192,64,32,32] 0 solid
b -64 -608 [32,64,32,32] 0 blank
b -32 -608 [192,32,32,32] 0 blank
b 0 -608 [0,64,32,32] 0 blank
b 32 -608 [192,64,32,32] 0 solid
b 64 -608 [192,64,32,32] 0 solid
b 96 -608 [192,64,32,32] 0 solid
b 128 -608 [192,64,32,32] 0 solid
b 160 -608 [192,64,32,32] 0 solid
b 192 -608 [192,64,32,32] 0 solid
b 224 -608 [192,64,32,32] 0 solid
b 256 -608 [192,64,32,32] 0 solid
b 288 -608 [192,64,32,32] 0 solid
b 320 -608 [192,64,32,32] 0 solid
b 352 -608 [192,64,32,32] 0 solid
b 384 -608 [192,64,32,32] 0 solid
b 416 -608 [32,64,32,32] 0 blank
b 448 -608 [192,32,32,32] 0 blank
b 480 -608 [192,32,32,32] 0 blank
b 512 -608 [192,32,32,32] 0 blank
b 544 -608 [192,32,32,32] 0 blank
b 576 -608 [192,32,32,32] 0 blank
b 608 -608 [192,32,32,32] 0 blank
b 640 -608 [192,32,32,32] 0 blank
b 672 -608 [192,32,32,32] 0 blank
b 704 -608 [192,32,32,32] 0 blank
b 736 -608 [192,32,32,32] 0 blank
b 768 -608 [192,32,32,32] 0 blank
b 800 -608 [224,32,32,32] 0 solid
b 832 -608 [160,32,32,32] 0 solid
b 864 -608 [192,32,32,32] 0 blank
b 896 -608 [224,32,32,32] 0 solid
b 928 -608 [160,32,32,32] 0 solid
b 960 -608 [192,32,32,32] 0 blank
b 992 -608 [192,32,32,32] 0 blank
b 1024 -608 [192,32,32,32] 0 blank
b 1056 -608 [192,32,32,32] 0 blank
b 1088 -608 [192,32,32,32] 0 blank
b -288 -576 [256,32,32,32] 0 solid
b -256 -576 [288,32,32,32] 0 solid
b -128 -576 [256,32,32,32] 0 solid
b -96 -576 [288,32,32,32] 0 solid
b -64 -576 [160,32,32,32] 0 solid
b -32 -576 [192,32,32,32] 0 blank
b 0 -576 [224,32,32,32] 0 solid
b 416 -576 [160,32,32,32] 0 solid
b 448 -576 [192,32,32,32] 0 blank
b 480 -576 [192,32,32,32] 0 blank
b 512 -576 [192,32,32,32] 0 blank
b 544 -576 [192,32,32,32] 0 blank
b 576 -576 [192,32,32,32] 0 blank
b 608 -576 [192,32,32,32] 0 blank
b 640 -576 [192,32,32,32] 0 blank
b 672 -576 [192,32,32,32] 0 blank
b 704 -576 [192,32,32,32] 0 blank
b 736 -576 [192,32,32,32] 0 blank
b 768 -576 [192,32,32,32] 0 blank
b 800 -576 [224,32,32,32] 0 solid
b 832 -576 [160,32,32,32] 0 solid
b 864 -576 [192,32,32,32] 0 blank
b 896 -576 [224,32,32,32] 0 solid
b 928 -576 [160,32,32,32] 0 solid
b 960 -576 [192,32,32,32] 0 blank
b 992 -576 [192,32,32,32] 0 blank
b 1024 -576 [192,32,32,32] 0 blank
b 1056 -576 [192,32,32,32] 0 blank
b 1088 -576 [192,32,32,32] 0 blank
b -288 -544 [256,32,32,32] 0 solid
b -256 -544 [288,32,32,32] 0 solid
b -128 -544 [256,32,32,32] 0 solid
b -96 -544 [288,32,32,32] 0 solid
b -64 -544 [160,32,32,32] 0 solid
b -32 -544 [192,32,32,32] 0 blank
b 0 -544 [224,32,32,32] 0 solid
b 416 -544 [160,32,32,32] 0 solid
b 448 -544 [192,32,32,32] 0 blank
b 480 -544 [192,32,32,32] 0 blank
b 512 -544 [192,32,32,32] 0 blank
b 544 -544 [192,32,32,32] 0 blank
b 576 -544 [192,32,32,32] 0 blank
b 608 -544 [192,32,32,32] 0 blank
b 640 -544 [192,32,32,32] 0 blank
b 672 -544 [192,32,32,32] 0 blank
b 704 -544 [192,32,32,32] 0 blank
b 736 -544 [192,32,32,32] 0 blank
b 768 -544 [192,32,32,32] 0 blank
b 800 -544 [224,32,32,32] 0 solid
b 832 -544 [160,32,32,32] 0 solid
b 864 -544 [192,32,32,32] 0 blank
b 896 -544 [224,32,32,32] 0 solid
b 928 -544 [160,32,32,32] 0 solid
b 960 -544 [192,32,32,32] 0 blank
b 992 -544 [192,32,32,32] 0 blank
b 1024 -544 [192,32,32,32] 0 blank
b 1056 -544 [192,32,32,32] 0 blank
b 1088 -544 [192,32,32,32] 0 blank
b -288 -512 [256,0,32,32] 0 solid
b -256 -512 [288,0,32,32] 0 solid
b -128 -512 [256,32,32,32] 0 solid
b -96 -512 [288,32,32,32] 0 solid
b -64 -512 [160,32,32,32] 0 solid
b -32 -512 [192,32,32,32] 0 blank
b 0 -512 [224,32,32,32] 0 solid
b 192 -512 [160,0,32,32] 0 solid
b 224 -512 [192,0,32,32] 0 solid
b 256 -512 [192,0,32,32] 0 solid
b 288 -512 [224,0,32,32] 0 solid
b 416 -512 [160,32,32,32] 0 solid
b 448 -512 [192,32,32,32] 0 blank
b 480 -512 [192,32,32,32] 0 blank
b 512 -512 [192,32,32,32] 0 blank
b 544 -512 [192,32,32,32] 0 blank
b 576 -512 [192,32,32,32] 0 blank
b 608 -512 [192,32,32,32] 0 blank
b 640 -512 [192,32,32,32] 0 blank
b 672 -512 [192,32,32,32] 0 blank
b 704 -512 [192,32,32,32] 0 blank
b 736 -512 [192,32,32,32] 0 blank
b 768 -512 [192,32,32,32] 0 blank
b 800 -512 [224,32,32,32] 0 solid
b 832 -512 [160,32,32,32] 0 solid
b 864 -512 [192,32,32,32] 0 blank
b 896 -512 [224,32,32,32] 0 solid
b 928 -512 [160,32,32,32] 0 solid
b 960 -512 [192,32,32,32] 0 blank
b 992 -512 [192,32,32,32] 0 blank
b 1024 -512 [192,32,32,32] 0 blank
b 1056 -512 [192,32,32,32] 0 blank
b 1088 -512 [192,32,32,32] 0 blank
b -128 -480 [256,0,32,32] 0 solid
b -96 -480 [288,0,32,32] 0 solid
b -64 -480 [160,64,32,32] 0 solid
b -32 -480 [192,64,32,32] 0 solid
b 0 -480 [224,64,32,32] 0 solid
b 32 -480 [32,32,32,32] 0 ledge
b 64 -480 [32,32,32,32] 0 ledge
b 96 -480 [32,32,32,32] 0 ledge
b 128 -480 [32,32,32,32] 0 ledge
b 160 -480 [32,32,32,32] 0 ledge
b 192 -480 [160,64,32,32] 0 solid
b 224 -480 [192,64,32,32] 0 solid
b 256 -480 [192,64,32,32] 0 solid
b 288 -480 [224,64,32,32] 0 solid
b 416 -480 [160,64,32,32] 0 solid
b 448 -480 [192,64,32,32] 0 solid
b 480 -480 [192,64,32,32] 0 solid
b 512 -480 [192,64,32,32] 0 solid
b 544 -480 [192,64,32,32] 0 solid
b 576 -480 [192,64,32,32] 0 solid
b 608 -480 [192,64,32,32] 0 solid
b 640 -480 [192,64,32,32] 0 solid
b 672 -480 [192,64,32,32] 0 solid
b 704 -480 [192,64,32,32] 0 solid
b 736 -480 [192,64,32,32] 0 solid
b 768 -480 [192,64,32,32] 0 solid
b 800 -480 [224,64,32,32] 0 solid
b 832 -480 [160,64,32,32] 0 solid
b 864 -480 [192,64,32,32] 0 solid
b 896 -480 [224,64,32,32] 0 solid
b 928 -480 [160,64,32,32] 0 solid
b 960 -480 [192,64,32,32] 0 solid
b 992 -480 [192,64,32,32] 0 solid
b 1024 -480 [192,64,32,32] 0 solid
b 1056 -480 [192,64,32,32] 0 solid
b 1088 -480 [192,64,32,32] 0 solid
b 32 -384 [0,32,32,32] 0 ledge
b 64 -384 [0,32,32,32] 0 ledge
b 96 -384 [0,32,32,32] 0 ledge
b 992 -384 [0,32,32,32] 0 ledge
b 1024 -384 [0,32,32,32] 0 ledge
b 1056 -384 [0,32,32,32] 0 ledge
b 640 -352 [96,32,32,32] 0 solid
b 288 -320 [64,32,32,32] 0 solid
b 480 -320 [128,32,32,32] 0 solid
b 640 -320 [96,64,32,32] 0 solid
b 672 -320 [160,0,32,32] 0 solid
b 704 -320 [192,0,32,32] 0 ledge
b 736 -320 [192,0,32,32] 0 ledge
b 768 -320 [224,0,32,32] 0 solid
b 800 -320 [160,0,32,32] 0 solid
b 832 -320 [192,0,32,32] 0 ledge
b 864 -320 [192,0,32,32] 0 ledge
b 896 -320 [192,0,32,32] 0 ledge
b 928 -320 [192,0,32,32] 0 ledge
b 960 -320 [224,0,32,32] 0 solid
b -160 -288 [0,32,32,32] 0 ledge
b -128 -288 [0,32,32,32] 0 ledge
b -96 -288 [0,32,32,32] 0 ledge
b 256 -288 [160,0,32,32] 0 solid
b 288 -288 [192,0,32,32] 0 ledge
b 320 -288 [192,0,32,32] 0 ledge
b 352 -288 [192,0,32,32] 0 ledge
b 384 -288 [192,0,32,32] 0 ledge
b 416 -288 [192,0,32,32] 0 ledge
b 448 -288 [192,0,32,32] 0 ledge
b 480 -288 [224,0,32,32] 0 solid
b 640 -288 [96,96,32,32] 0 solid
b 672 -288 [160,32,32,32] 0 solid
b 704 -288 [192,32,32,32] 0 blank
b 736 -288 [192,32,32,32] 0 blank
b 768 -288 [224,32,32,32] 0 solid
b 800 -288 [160,32,32,32] 0 solid
b 832 -288 [192,32,32,32] 0 blank
b 864 -288 [192,32,32,32] 0 blank
b 896 -288 [192,32,32,32] 0 blank
b 928 -288 [192,32,32,32] 0 blank
b 960 -288 [224,32,32,32] 0 solid
b 256 -256 [160,32,32,32] 0 solid
b 288 -256 [192,32,32,32] 0 blank
b 320 -256 [192,32,32,32] 0 blank
b 352 -256 [192,32,32,32] 0 blank
b 384 -256 [192,32,32,32] 0 blank
b 416 -256 [192,32,32,32] 0 blank
b 448 -256 [192,32,32,32] 0 blank
b 480 -256 [224,32,32,32] 0 solid
b 608 -256 [0,32,32,32] 0 ledge
b 640 -256 [96,96,32,32] 0 solid
b 672 -256 [160,32,32,32] 0 solid
b 704 -256 [192,32,32,32] 0 blank
b 736 -256 [192,32,32,32] 0 blank
b 768 -256 [224,32,32,32] 0 solid
b 800 -256 [160,32,32,32] 0 solid
b 832 -256 [192,32,32,32] 0 blank
b 864 -256 [192,32,32,32] 0 blank
b 896 -256 [192,32,32,32] 0 blank
b 928 -256 [192,32,32,32] 0 blank
b 960 -256 [224,32,32,32] 0 solid
b 1088 -256 [160,0,32,32] 0 solid
b 256 -224 [160,32,32,32] 0 solid
b 288 -224 [192,32,32,32] 0 blank
b 320 -224 [192,32,32,32] 0 blank
b 352 -224 [192,32,32,32] 0 blank
b 384 -224 [192,32,32,32] 0 blank
b 416 -224 [192,32,32,32] 0 blank
b 448 -224 [192,32,32,32] 0 blank
b 480 -224 [224,32,32,32] 0 solid
b 640 -224 [96,96,32,32] 0 solid
b 672 -224 [160,32,32,32] 0 solid
b 704 -224 [192,32,32,32] 0 blank
b 736 -224 [192,32,32,32] 0 blank
b 768 -224 [224,32,32,32] 0 solid
b 800 -224 [160,32,32,32] 0 solid
b 832 -224 [192,32,32,32] 0 blank
b 864 -224 [192,32,32,32] 0 blank
b 896 -224 [192,32,32,32] 0 blank
b 928 -224 [192,32,32,32] 0 blank
b 960 -224 [224,32,32,32] 0 solid
b 1088 -224 [160,32,32,32] 0 solid
b 32 -192 [128,32,32,32] 0 solid
b 64 -192 [128,32,32,32] 0 solid
b 96 -192 [128,32,32,32] 0 solid
b 128 -192 [128,32,32,32] 0 solid
b 256 -192 [160,32,32,32] 0 solid
b 288 -192 [192,32,32,32] 0 blank
b 320 -192 [192,32,32,32] 0 blank
b 352 -192 [192,32,32,32] 0 blank
b 384 -192 [192,32,32,32] 0 blank
b 416 -192 [192,32,32,32] 0 blank
b 448 -192 [192,32,32,32] 0 blank
b 480 -192 [224,32,32,32] 0 solid
b 640 -192 [96,96,32,32] 0 solid
b 672 -192 [160,32,32,32] 0 solid
b 704 -192 [192,32,32,32] 0 blank
b 736 -192 [192,32,32,32] 0 blank
b 768 -192 [224,32,32,32] 0 solid
b 800 -192 [160,32,32,32] 0 solid
b 832 -192 [192,32,32,32] 0 blank
b 864 -192 [192,32,32,32] 0 blank
b 896 -192 [192,32,32,32] 0 blank
b 928 -192 [192,32,32,32] 0 blank
b 960 -192 [224,32,32,32] 0 solid
b 1088 -192 [160,32,32,32] 0 solid
b 256 -160 [160,32,32,32] 0 solid
b 288 -160 [192,32,32,32] 0 blank
b 320 -160 [192,32,32,32] 0 blank
b 352 -160 [192,32,32,32] 0 blank
b 384 -160 [192,32,32,32] 0 blank
b 416 -160 [192,32,32,32] 0 blank
b 448 -160 [192,32,32,32] 0 blank
b 480 -160 [224,32,32,32] 0 solid
b 640 -160 [96,96,32,32] 0 solid
b 672 -160 [160,32,32,32] 0 solid
b 704 -160 [192,32,32,32] 0 blank
b 736 -160 [192,32,32,32] 0 blank
b 768 -160 [224,32,32,32] 0 solid
b 800 -160 [160,32,32,32] 0 solid
b 832 -160 [192,32,32,32] 0 blank
b 864 -160 [192,32,32,32] 0 blank
b 896 -160 [192,32,32,32] 0 blank
b 928 -160 [192,32,32,32] 0 blank
b 960 -160 [224,32,32,32] 0 solid
b 1088 -160 [160,32,32,32] 0 solid
b 256 -128 [160,32,32,32] 0 solid
b 288 -128 [192,32,32,32] 0 blank
b 320 -128 [192,32,32,32] 0 blank
b 352 -128 [192,32,32,32] 0 blank
b 384 -128 [192,32,32,32] 0 blank
b 416 -128 [192,32,32,32] 0 blank
b 448 -128 [192,32,32,32] 0 blank
b 480 -128 [224,32,32,32] 0 solid
b 640 -128 [96,96,32,32] 0 solid
b 672 -128 [160,32,32,32] 0 solid
b 704 -128 [192,32,32,32] 0 blank
b 736 -128 [192,32,32,32] 0 blank
b 768 -128 [224,32,32,32] 0 solid
b 800 -128 [160,32,32,32] 0 solid
b 832 -128 [192,32,32,32] 0 blank
b 864 -128 [192,32,32,32] 0 blank
b 896 -128 [192,32,32,32] 0 blank
b 928 -128 [192,32,32,32] 0 blank
b 960 -128 [224,32,32,32] 0 solid
b 1088 -128 [160,32,32,32] 0 solid
b -128 -96 [96,32,32,32] 0 solid
b 256 -96 [160,32,32,32] 0 solid
b 288 -96 [192,32,32,32] 0 blank
b 320 -96 [192,32,32,32] 0 blank
b 352 -96 [192,32,32,32] 0 blank
b 384 -96 [192,32,32,32] 0 blank
b 416 -96 [192,32,32,32] 0 blank
b 448 -96 [192,32,32,32] 0 blank
b 480 -96 [224,32,32,32] 0 solid
b 640 -96 [96,96,32,32] 0 solid
b 672 -96 [160,32,32,32] 0 solid
b 704 -96 [192,32,32,32] 0 blank
b 736 -96 [192,32,32,32] 0 blank
b 768 -96 [224,32,32,32] 0 solid
b 800 -96 [160,32,32,32] 0 solid
b 832 -96 [192,32,32,32] 0 blank
b 864 -96 [192,32,32,32] 0 blank
b 896 -96 [192,32,32,32] 0 blank
b 928 -96 [192,32,32,32] 0 blank
b 960 -96 [224,32,32,32] 0 solid
b 1088 -96 [160,32,32,32] 0 solid
b -128 -64 [96,64,32,32] 0 solid
b 256 -64 [160,32,32,32] 0 solid
b 288 -64 [192,32,32,32] 0 blank
b 320 -64 [192,32,32,32] 0 blank
b 352 -64 [192,32,32,32] 0 blank
b 384 -64 [192,32,32,32] 0 blank
b 416 -64 [192,32,32,32] 0 blank
b 448 -64 [192,32,32,32] 0 blank
b 480 -64 [224,32,32,32] 0 solid
b 640 -64 [96,96,32,32] 0 solid
b 672 -64 [160,32,32,32] 0 solid
b 704 -64 [192,32,32,32] 0 blank
b 736 -64 [192,32,32,32] 0 blank
b 768 -64 [224,32,32,32] 0 solid
b 800 -64 [160,32,32,32] 0 solid
b 832 -64 [192,32,32,32] 0 blank
b 864 -64 [192,32,32,32] 0 blank
b 896 -64 [192,32,32,32] 0 blank
b 928 -64 [192,32,32,32] 0 blank
b 960 -64 [224,32,32,32] 0 solid
b 1088 -64 [160,32,32,32] 0 solid
b -160 -32 [64,32,32,32] 0 solid
b -128 -32 [96,96,32,32] 0 solid
b -64 -32 [128,64,32,32] 0 solid
b 256 -32 [160,32,32,32] 0 solid
b 288 -32 [192,32,32,32] 0 blank
b 320 -32 [192,32,32,32] 0 blank
b 352 -32 [192,32,32,32] 0 blank
b 384 -32 [192,32,32,32] 0 blank
b 416 -32 [192,32,32,32] 0 blank
b 448 -32 [192,32,32,32] 0 blank
b 480 -32 [224,32,32,32] 0 solid
b 640 -32 [96,96,32,32] 0 solid
b 672 -32 [160,32,32,32] 0 solid
b 704 -32 [192,32,32,32] 0 blank
b 736 -32 [192,32,32,32] 0 blank
b 768 -32 [224,32,32,32] 0 solid
b 800 -32 [160,32,32,32] 0 solid
b 832 -32 [192,32,32,32] 0 blank
b 864 -32 [192,32,32,32] 0 blank
b 896 -32 [192,32,32,32] 0 blank
b 928 -32 [192,32,32,32] 0 blank
b 960 -32 [224,32,32,32] 0 solid
b 1088 -32 [160,32,32,32] 0 solid
b -320 0 [192,0,32,32] 0 ledge
b -288 0 [192,0,32,32] 0 ledge
b -256 0 [192,0,32,32] 0 ledge
b -224 0 [192,0,32,32] 0 ledge
b -192 0 [192,0,32,32] 0 ledge
b -160 0 [192,0,32,32] 0 ledge
b -128 0 [192,0,32,32] 0 ledge
b -96 0 [192,0,32,32] 0 ledge
b -64 0 [64,0,32,32] 0 ledge
b 160 0 [160,0,32,32] 0 solid
b 192 0 [192,0,32,32] 0 ledge
b 224 0 [192,0,32,32] 0 ledge
b 256 0 [32,96,32,32] 0 blank
b 288 0 [192,32,32,32] 0 blank
b 320 0 [192,32,32,32] 0 blank
b 352 0 [192,32,32,32] 0 blank
b 384 0 [192,32,32,32] 0 blank
b 416 0 [192,32,32,32] 0 blank
b 448 0 [192,32,32,32] 0 blank
b 480 0 [224,32,32,32] 0 solid
b 640 0 [96,96,32,32] 0 solid
b 672 0 [160,32,32,32] 0 solid
b 704 0 [192,32,32,32] 0 blank
b 736 0 [192,32,32,32] 0 blank
b 768 0 [224,32,32,32] 0 solid
b 800 0 [160,32,32,32] 0 solid
b 832 0 [192,32,32,32] 0 blank
b 864 0 [192,32,32,32] 0 blank
b 896 0 [192,32,32,32] 0 blank
b 928 0 [192,32,32,32] 0 blank
b 960 0 [224,32,32,32] 0 solid
b 1088 0 [160,32,32,32] 0 solid
b -320 32 [192,32,32,32] 0 blank
b -288 32 [192,32,32,32] 0 blank
b -256 32 [192,32,32,32] 0 blank
b -224 32 [192,32,32,32] 0 blank
b -192 32 [192,32,32,32] 0 blank
b -160 32 [192,32,32,32] 0 blank
b -128 32 [192,32,32,32] 0 blank
b -96 32 [192,32,32,32] 0 blank
b -64 32 [160,96,32,32] 0 blank
b 160 32 [160,32,32,32] 0 solid
b 192 32 [192,32,32,32] 0 blank
b 224 32 [192,32,32,32] 0 blank
b 256 32 [192,32,32,32] 0 blank
b 288 32 [192,32,32,32] 0 blank
b 320 32 [192,32,32,32] 0 blank
b 352 32 [192,32,32,32] 0 blank
b 384 32 [192,32,32,32] 0 blank
b 416 32 [192,32,32,32] 0 blank
b 448 32 [192,32,32,32] 0 blank
b 480 32 [224,32,32,32] 0 solid
b 640 32 [96,96,32,32] 0 solid
b 672 32 [160,32,32,32] 0 solid
b 704 32 [192,32,32,32] 0 blank
b 736 32 [192,32,32,32] 0 blank
b 768 32 [224,32,32,32] 0 solid
b 800 32 [160,32,32,32] 0 solid
b 832 32 [192,32,32,32] 0 blank
b 864 32 [192,32,32,32] 0 blank
b 896 32 [192,32,32,32] 0 blank
b 928 32 [192,32,32,32] 0 blank
b 960 32 [224,32,32,32] 0 solid
b 1088 32 [160,32,32,32] 0 solid
b -320 64 [192,32,32,32] 0 blank
b -288 64 [192,32,32,32] 0 blank
b -256 64 [192,32,32,32] 0 blank
b -224 64 [192,32,32,32] 0 blank
b -192 64 [192,32,32,32] 0 blank
b -160 64 [192,32,32,32] 0 blank
b -128 64 [192,32,32,32] 0 blank
b -96 64 [192,32,32,32] 0 blank
b -64 64 [160,96,32,32] 0 blank
b 160 64 [160,32,32,32] 0 solid
b 192 64 [192,32,32,32] 0 blank
b 224 64 [192,32,32,32] 0 blank
b 256 64 [192,32,32,32] 0 blank
b 288 64 [192,32,32,32] 0 blank
b 320 64 [192,32,32,32] 0 blank
b 352 64 [192,32,32,32] 0 blank
b 384 64 [192,32,32,32] 0 blank
b 416 64 [192,32,32,32] 0 blank
b 448 64 [192,32,32,32] 0 blank
b 480 64 [224,32,32,32] 0 solid
b 640 64 [96,96,32,32] 0 solid
b 672 64 [160,32,32,32] 0 solid
b 704 64 [192,32,32,32] 0 blank
b 736 64 [192,32,32,32] 0 blank
b 768 64 [224,32,32,32] 0 solid
b 800 64 [160,32,32,32] 0 solid
b 832 64 [192,32,32,32] 0 blank
b 864 64 [192,32,32,32] 0 blank
b 896 64 [192,32,32,32] 0 blank
b 928 64 [192,32,32,32] 0 blank
b 960 64 [224,32,32,32] 0 solid
b 1088 64 [160,32,32,32] 0 solid
b -320 96 [192,32,32,32] 0 blank
b -288 96 [192,32,32,32] 0 blank
b -256 96 [192,32,32,32] 0 blank
b -224 96 [192,32,32,32] 0 blank
b -192 96 [192,32,32,32] 0 blank
b -160 96 [192,32,32,32] 0 blank
b -128 96 [192,32,32,32] 0 blank
b -96 96 [192,32,32,32] 0 blank
b -64 96 [160,96,32,32] 0 blank
b 160 96 [160,32,32,32] 0 solid
b 192 96 [192,32,32,32] 0 blank
b 224 96 [192,32,32,32] 0 blank
b 256 96 [192,32,32,32] 0 blank
b 288 96 [192,32,32,32] 0 blank
b 320 96 [192,32,32,32] 0 blank
b 352 96 [192,32,32,32] 0 blank
b 384 96 [192,32,32,32] 0 blank
b 416 96 [192,32,32,32] 0 blank
b 448 96 [192,32,32,32] 0 blank
b 480 96 [224,32,32,32] 0 solid
b 640 96 [96,96,32,32] 0 solid
b 672 96 [160,32,32,32] 0 solid
b 704 96 [192,32,32,32] 0 blank
b 736 96 [192,32,32,32] 0 blank
b 768 96 [224,32,32,32] 0 solid
b 800 96 [160,32,32,32] 0 solid
b 832 96 [192,32,32,32] 0 blank
b 864 96 [192,32,32,32] 0 blank
b 896 96 [192,32,32,32] 0 blank
b 928 96 [192,32,32,32] 0 blank
b 960 96 [224,32,32,32] 0 solid
b 1088 96 [160,32,32,32] 0 solid
b -320 128 [192,32,32,32] 0 blank
b -288 128 [192,32,32,32] 0 blank
b -256 128 [192,32,32,32] 0 blank
b -224 128 [192,32,32,32] 0 blank
b -192 128 [192,32,32,32] 0 blank
b -160 128 [192,32,32,32] 0 blank
b -128 128 [192,32,32,32] 0 blank
b -96 128 [192,32,32,32] 0 blank
b -64 128 [160,96,32,32] 0 blank
b 160 128 [160,32,32,32] 0 solid
b 192 128 [192,32,32,32] 0 blank
b 224 128 [192,32,32,32] 0 blank
b 256 128 [192,32,32,32] 0 blank
b 288 128 [192,32,32,32] 0 blank
b 320 128 [192,32,32,32] 0 blank
b 352 128 [192,32,32,32] 0 blank
b 384 128 [192,32,32,32] 0 blank
b 416 128 [192,32,32,32] 0 blank
b 448 128 [192,32,32,32] 0 blank
b 480 128 [224,32,32,32] 0 solid
b 640 128 [96,96,32,32] 0 solid
b 672 128 [160,32,32,32] 0 solid
b 704 128 [192,32,32,32] 0 blank
b 736 128 [192,32,32,32] 0 blank
b 768 128 [224,32,32,32] 0 solid
b 800 128 [160,32,32,32] 0 solid
b 832 128 [192,32,32,32] 0 blank
b 864 128 [192,32,32,32] 0 blank
b 896 128 [192,32,32,32] 0 blank
b 928 128 [192,32,32,32] 0 blank
b 960 128 [224,32,32,32] 0 solid
b 1088 128 [160,32,32,32] 0 solid
b -320 160 [192,32,32,32] 0 blank
b -288 160 [192,32,32,32] 0 blank
b -256 160 [192,32,32,32] 0 blank
b -224 160 [192,32,32,32] 0 blank
b -192 160 [192,32,32,32] 0 blank
b -160 160 [192,32,32,32] 0 blank
b -128 160 [192,32,32,32] 0 blank
b -96 160 [192,32,32,32] 0 blank
b -64 160 [160,96,32,32] 0 blank
b 160 160 [160,32,32,32] 0 solid
b 192 160 [192,32,32,32] 0 blank
b 224 160 [192,32,32,32] 0 blank
b 256 160 [192,32,32,32] 0 blank
b 288 160 [192,32,32,32] 0 blank
b 320 160 [192,32,32,32] 0 blank
b 352 160 [192,32,32,32] 0 blank
b 384 160 [192,32,32,32] 0 blank
b 416 160 [192,32,32,32] 0 blank
b 448 160 [192,32,32,32] 0 blank
b 480 160 [224,32,32,32] 0 solid
b 640 160 [96,96,32,32] 0 solid
b 672 160 [160,32,32,32] 0 solid
b 704 160 [192,32,32,32] 0 blank
b 736 160 [192,32,32,32] 0 blank
b 768 160 [224,32,32,32] 0 solid
b 800 160 [160,32,32,32] 0 solid
b 832 160 [192,32,32,32] 0 blank
b 864 160 [192,32,32,32] 0 blank
b 896 160 [192,32,32,32] 0 blank
b 928 160 [192,32,32,32] 0 blank
b 960 160 [224,32,32,32] 0 solid
b 1088 160 [160,32,32,32] 0 solid
b -320 192 [192,32,32,32] 0 blank
b -288 192 [192,32,32,32] 0 blank
b -256 192 [192,32,32,32] 0 blank
b -224 192 [192,32,32,32] 0 blank
b -192 192 [192,32,32,32] 0 blank
b -160 192 [192,32,32,32] 0 blank
b -128 192 [192,32,32,32] 0 blank
b -96 192 [192,32,32,32] 0 blank
b -64 192 [160,96,32,32] 0 blank
b 160 192 [160,32,32,32] 0 solid
b 192 192 [192,32,32,32] 0 blank
b 224 192 [192,32,32,32] 0 blank
b 256 192 [192,32,32,32] 0 blank
b 288 192 [192,32,32,32] 0 blank
b 320 192 [192,32,32,32] 0 blank
b 352 192 [192,32,32,32] 0 blank
b 384 192 [192,32,32,32] 0 blank
b 416 192 [192,32,32,32] 0 blank
b 448 192 [192,32,32,32] 0 blank
b 480 192 [224,32,32,32] 0 solid
b 640 192 [96,96,32,32] 0 solid
b 672 192 [160,32,32,32] 0 solid
b 704 192 [192,32,32,32] 0 blank
b 736 192 [192,32,32,32] 0 blank
b 768 192 [224,32,32,32] 0 solid
b 800 192 [160,32,32,32] 0 solid
b 832 192 [192,32,32,32] 0 blank
b 864 192 [192,32,32,32] 0 blank
b 896 192 [192,32,32,32] 0 blank
b 928 192 [192,32,32,32] 0 blank
b 960 192 [224,32,32,32] 0 solid
b 1088 192 [160,32,32,32] 0 solid
b -320 224 [192,32,32,32] 0 blank
b -288 224 [192,32,32,32] 0 blank
b -256 224 [192,32,32,32] 0 blank
b -224 224 [192,32,32,32] 0 blank
b -192 224 [192,32,32,32] 0 blank
b -160 224 [192,32,32,32] 0 blank
b -128 224 [192,32,32,32] 0 blank
b -96 224 [192,32,32,32] 0 blank
b -64 224 [160,96,32,32] 0 blank
b 160 224 [160,32,32,32] 0 solid
b 192 224 [192,32,32,32] 0 blank
b 224 224 [192,32,32,32] 0 blank
b 256 224 [192,32,32,32] 0 blank
b 288 224 [192,32,32,32] 0 blank
b 320 224 [192,32,32,32] 0 blank
b 352 224 [192,32,32,32] 0 blank
b 384 224 [192,32,32,32] 0 blank
b 416 224 [192,32,32,32] 0 blank
b 448 224 [192,32,32,32] 0 blank
b 480 224 [224,32,32,32] 0 solid
b 640 224 [96,96,32,32] 0 solid
b 672 224 [160,32,32,32] 0 solid
b 704 224 [192,32,32,32] 0 blank
b 736 224 [192,32,32,32] 0 blank
b 768 224 [224,32,32,32] 0 solid
b 800 224 [160,32,32,32] 0 solid
b 832 224 [192,32,32,32] 0 blank
b 864 224 [192,32,32,32] 0 blank
b 896 224 [192,32,32,32] 0 blank
b 928 224 [192,32,32,32] 0 blank
b 960 224 [224,32,32,32] 0 solid
b 1088 224 [160,32,32,32] 0 solid
s -290.20962199312675 -40.64948453608247 spawnPoint {}
s 89.96907216494745 -225.49484536082485 redKoopa {x:89.96907216494745,y:-225.49484536082485,vx:-1,fallSpeed:0.4,fallCap:9,squashed:false,squashTimer:0,animSpeed:12}
s 200.27835051546265 -32.711340206186435 redKoopa {x:200.27835051546265,y:-32.711340206186435,vx:-1,fallSpeed:0.4,fallCap:9,squashed:false,squashTimer:0,animSpeed:12}
s -126.5257731958769 -95.59793814433067 bulletBillSpawner {x:-126.5257731958769,y:-95.59793814433067,interval:240}
s 369.6666666666646 -320.0103092783486 greenKoopa {x:369.6666666666646,y:-320.0103092783486,vx:-1,fallSpeed:0.4,fallCap:9,squashed:false,squashTimer:0,animSpeed:12}
s 676.3333333333301 -357.3436426116819 redKoopa {x:676.3333333333301,y:-357.3436426116819,vx:-1,fallSpeed:0.4,fallCap:9,squashed:false,squashTimer:0,animSpeed:12}
s 1088 -320 door {x:1088,y:-320,destination:"Levels/sample4.txt"}
